0.428064 0.00841376457006 -0.550830582514 -0.00341249959604 0.757110843807 -0.00145716173142 1.25659545195 -0.00507347181644
0.438045 0.00236404970462 -0.548661684213 -0.023599199743 0.770881598519 -0.0144886222626 1.24276739605 -0.00446634487412
0.448027 -0.00902427278906 -0.545721668815 -0.059662989438 0.7941073712 -0.0380662437068 1.2186317861 -0.00423489330622
0.458008 -0.0266698347936 -0.541893502339 -0.114343378246 0.828447364005 -0.0740119795312 1.18240841823 -0.0044396249814
0.467990 -0.0494977457538 -0.537342393738 -0.18444879599 0.872018537619 -0.120207314631 1.13616824971 -0.00500247365633
0.477971 -0.0780165589034 -0.532011126773 -0.271500461967 0.925755429333 -0.17766506391 1.07892202199 -0.00595543321467
0.487952 -0.11152225883 -0.526007716358 -0.373408711518 0.988424635413 -0.244998121235 1.0120257701 -0.00724781576447
0.497934 -0.150159937168 -0.519324695724 -0.490613370175 1.06031165184 -0.322500609674 0.935192654774 -0.00888719258753
0.507915 -0.193553670935 -0.51202248635 -0.622001068241 1.14076397478 -0.409433892066 0.849144967151 -0.0108463371907
0.517897 -0.241534543971 -0.504133787709 -0.767075704445 1.22950043465 -0.505469665766 0.754204076228 -0.0131123068976
0.527878 -0.294009131205 -0.495680560385 -0.925566103274 1.32637402578 -0.610429059492 0.650545337961 -0.015677596556
0.537859 -0.350545462687 -0.486726627222 -1.09619031127 1.43062342514 -0.723460779171 0.539001027098 -0.0185124549753
0.547841 -0.411285494807 -0.477264099636 -1.27938058068 1.54252758319 -0.844853812064 0.419289500286 -0.0216255546949
0.557822 -0.475585533197 -0.467379462074 -1.47322045107 1.6609334585 -0.973334241678 0.292655728837 -0.0249738230458
0.567804 -0.543775362883 -0.457043028949 -1.67870539112 1.78646441255 -1.10956595786 0.158452024452 -0.0285787774815
0.577785 -0.615050332545 -0.446356093726 -1.8934342665 1.91766418705 -1.25195186221 0.0182387616375 -0.0323872818436
0.587766 -0.68988097121 -0.435274639844 -2.11882679175 2.05541879903 -1.40143854097 -0.128907579059 -0.0364305866623
0.597748 -0.767415572836 -0.423900768672 -2.35233695314 2.19817551506 -1.55633177238 -0.281332093805 -0.0406527937027
0.607729 -0.848026133953 -0.412203321126 -2.59509189565 2.34664338699 -1.7173836175 -0.43976811409 -0.0450791644834
0.617711 -0.931053950169 -0.400259245555 -2.84512096698 2.49961713357 -1.88328242661 -0.602934553574 -0.049666698664
0.627692 -1.01666643212 -0.388060402234 -3.10293897029 2.65742966664 -2.05437256449 -0.771166560782 -0.0544276173944
0.637673 -1.10441797935 -0.375658656581 -3.36721319725 2.81926539639 -2.22976696755 -0.943597699268 -0.059333139846
0.647655 -1.19429782069 -0.363064095846 -3.63792305864 2.98512543535 -2.40945326449 -1.12021488044 -0.0643840036504
0.657636 -1.28602709695 -0.350310507333 -3.91423684991 3.15450268715 -2.592878069 -1.30047737831 -0.0695627101606
0.667618 -1.37946381407 -0.337419527428 -4.19573739411 3.32714953377 -2.77976447999 -1.48411407093 -0.0748613292011
0.677599 -1.47445150558 -0.324413261385 -4.48196288886 3.5027890749 -2.9698057114 -1.67082475809 -0.0802709371407
0.687580 -1.57076139595 -0.311318840535 -4.77223104107 3.68100413265 -3.16254770611 -1.86016575464 -0.085777515864
0.697562 -1.66831747313 -0.298152480996 -5.066325869 3.86167342626 -3.35784782667 -2.05199673219 -0.0913782381312
0.707543 -1.76684578771 -0.284941367746 -5.36342315626 4.04428482252 -3.555156765 -2.24578155708 -0.0970553454086
0.717525 -1.86631155621 -0.271701028492 -5.66343658428 4.22880244449 -3.75441881437 -2.44146424404 -0.102809853164
0.727506 -1.96643419762 -0.258453858002 -5.96551423273 4.41468873757 -3.95506538369 -2.63849051244 -0.10862238285
0.737487 -2.06718386437 -0.245219319579 -6.26959187552 4.60192785609 -4.15705615958 -2.83681875338 -0.114495758645
0.747469 -2.16831306536 -0.232011508544 -6.57490973999 4.79003204146 -4.35988320805 -3.03595453657 -0.120411504863
0.757450 -2.26975047205 -0.21885562072 -6.88128191329 4.97891194643 -4.56342536255 -3.23577705109 -0.126370564679
0.767432 -2.37131811643 -0.205758214866 -7.18815680152 5.16820822681 -4.76731333565 -3.43592727453 -0.132358787582
0.777413 -2.47289507537 -0.19274638345 -7.49519524317 5.35773162852 -4.97132337225 -3.63618461049 -0.138373398601
0.787394 -2.57435999836 -0.179824358255 -7.80202103092 5.54723659125 -5.17520356956 -3.83630415894 -0.144404841237
0.797376 -2.67556998262 -0.167016609214 -8.10822185567 5.73648121297 -5.37868069865 -4.03601764608 -0.150447777009
0.807357 -2.77642632389 -0.154329226332 -8.41349612818 5.92527221442 -5.58155320659 -4.23512873573 -0.156495377293
0.817339 -2.87679651917 -0.141780238963 -8.71745451936 6.11337403211 -5.78356236316 -4.43338403581 -0.162541468388
0.827320 -2.97657373002 -0.129381255162 -9.01977866058 6.30058963961 -5.98449614468 -4.63057629825 -0.168580285178
0.837301 -3.07566492029 -0.117140562346 -9.32018859445 6.48674305785 -6.18416783201 -4.82652324859 -0.174606348184
0.847283 -3.17392753069 -0.10507844679 -9.61826716349 6.671583018 -6.38230033934 -5.0209533482 -0.180613484101
0.857264 -3.27133377853 -0.0931906418567 -9.9139205237 6.85504063966 -6.57883006433 -5.21380540584 -0.186598248009
0.867246 -3.36768095671 -0.0815087995243 -10.2065600148 7.03676543513 -6.77336643878 -5.40469625338 -0.192552769792
0.877227 -3.46302910621 -0.0700137478315 -10.4963451796 7.21683747807 -6.96601379425 -5.59372959395 -0.198476800459
0.887208 -3.5570940401 -0.0587507470707 -10.7824522525 7.39476752864 -7.15622571128 -5.78036921323 -0.204359657601
0.897190 -3.65003128418 -0.0476858170399 -11.0653182845 7.57080099049 -7.34429066023 -5.96489943942 -0.210204874706
0.907171 -3.74149219486 -0.0368736030845 -11.3439314893 7.74433549643 -7.52953736708 -6.14666163235 -0.215999223173
0.917153 -3.83167483622 -0.0262752481379 -11.6188551277 7.91569426539 -7.71233831495 -6.32602229535 -0.221748363907
0.927134 -3.92026454106 -0.0159380080925 -11.8891730624 8.08432858466 -7.8920853676 -6.50238499267 -0.227439941846
0.937115 -4.00740559039 -0.00583392229292 -12.155296181 8.25047471431 -8.06905029892 -6.67601707525 -0.233078218068
0.947097 -4.09286201447 0.00400362389879 -12.4165345437 8.4137161364 -8.24277480533 -6.84646930597 -0.238653527724
0.957078 -4.17670534833 0.0135897886759 -12.6730900391 8.57416679458 -8.41339221708 -7.01387300205 -0.244167748175
0.967060 -4.25879529981 0.0229066614611 -12.9245497227 8.73157427378 -8.58062792958 -7.17795922024 -0.249614773306
0.977041 -4.3391145372 0.0319550680967 -13.1708582393 8.8858999106 -8.7444446658 -7.33869181372 -0.254993261302
0.987022 -4.41763262161 0.0407338165187 -13.4119221643 9.03708227911 -8.90477988564 -7.49600984594 -0.260301390425
0.997004 -4.49422993858 0.0492282183874 -13.6473886327 9.18490466155 -9.06139884686 -7.64968346715 -0.265533902489
1.006985 -4.56899742339 0.0574547116181 -13.8775184294 9.32951873382 -9.21447422767 -7.79988236121 -0.270693853152
1.016967 -4.6417023205 0.0653822323263 -14.1016284635 9.47050887547 -9.36355198431 -7.94616164962 -0.275771498897
1.026948 -4.71256596237 0.073045455223 -14.3203610414 9.60825746775 -9.50905825943 -8.08893944893 -0.280775243229
1.036929 -4.78123399803 0.0803963730592 -14.5326772318 9.74213347893 -9.6503025951 -8.2275391475 -0.285690406772
1.046911 -4.84806117939 0.087487713933 -14.7396105487 9.87275687984 -9.7879711277 -8.36263363068 -0.290530949334
1.056892 -4.91257634541 0.0942557640365 -14.9397794085 9.9992882467 -9.9211456587 -8.49332311636 -0.295277361647
1.066874 -4.97520110014 0.100761591564 -15.1344143365 10.1224683692 -10.0506433656 -8.62040882017 -0.299946498614
1.076855 -5.0355272798 0.106950989881 -15.3223170615 10.2415674706 -10.1756677257 -8.74311029174 -0.304521332184
1.086836 -5.09386352582 0.112868433393 -15.5043887204 10.3571283927 -10.2968172089 -8.86201428093 -0.309014248857
1.096818 -5.14992873461 0.118477709015 -15.6798024461 10.4686455822 -10.4135420007 -8.97658217521 -0.313413377959
1.106799 -5.20391196551 0.123806352361 -15.8491097933 10.5764507406 -10.5262083579 -9.08717308285 -0.317726277428
1.116781 -5.25566413802 0.128836278712 -16.0118706068 10.6802727604 -10.6345234311 -9.19350022603 -0.321946511446
1.126762 -5.30525012809 0.133577971684 -16.1682726357 10.7802226864 -10.7386117318 -9.29568578273 -0.326076545049
1.136743 -5.35265591036 0.13803139311 -16.3182720303 10.8762705503 -10.8384438282 -9.39370108515 -0.330115564433
1.146725 -5.39781943426 0.142190069778 -16.4616840102 10.9683006211 -10.9338966163 -9.4874256743 -0.334060764566
1.156706 -5.44086299238 0.146071734578 -16.598865385 11.0565275174 -11.0252070446 -9.57709185466 -0.337917058997
1.166688 -5.481596565 0.149653238701 -16.7292551592 11.1406057338 -11.1120018785 -9.6623341046 -0.341676274375
1.176669 -5.52027841454 0.152969638741 -16.8536103795 11.2209949572 -11.1947842291 -9.74364545272 -0.345349083197
1.186650 -5.55659105585 0.155981556363 -16.9709947337 11.2971197572 -11.2729312692 -9.82041587528 -0.348921916585
1.196632 -5.59092691626 0.158740773332 -17.0825607627 11.3696826782 -11.3472091757 -9.89339606116 -0.352411171545
1.206613 -5.6228429452 0.161192272635 -17.1870018794 11.4378807953 -11.4167488271 -9.96173474437 -0.35579792001
1.216595 -5.65280927571 0.163397117077 -17.2857003071 11.5025584459 -11.4824692385 -10.0263322774 -0.359101921964
1.226576 -5.68042048342 0.165305509407 -17.3774594975 11.5629792455 -11.5435743988 -10.0864090421 -0.362305788013
1.236557 -5.70605016195 0.16696570544 -17.4633782201 11.6198148572 -11.6007949016 -10.1426807706 -0.365425250557
1.246539 -5.72941790833 0.168343974599 -17.5426276996 11.6725538279 -11.6535792878 -10.1946074117 -0.368448191213
1.256520 -5.75076784088 0.169471934419 -17.6159257165 11.7216347259 -11.7024048101 -10.242656513 -0.371384875437
1.266502 -5.76995329194 0.170332690014 -17.6828374691 11.7667877317 -11.7469820387 -10.2865446842 -0.374228865045
1.276483 -5.78709178714 0.170941910876 -17.7437077092 11.8082225729 -11.7875401287 -10.32649645 -0.376985039565
1.286464 -5.80216646185 0.171298732919 -17.7984845409 11.8459048846 -11.824044367 -10.3624778951 -0.379652512137
1.296446 -5.81517218814 0.171403669002 -17.8471507912 11.8798217835 -11.8564831499 -10.3944777317 -0.382230904556
1.306427 -5.82621700052 0.17127099114 -17.8900235082 11.9101663553 -11.8850672388 -10.4227024478 -0.384724709453
1.316409 -5.83517798465 0.170886932378 -17.9267374628 11.9367110791 -11.9095534538 -10.4469139556 -0.387128460274
1.326390 -5.84228232425 0.170279931466 -17.957962162 11.9598668893 -11.9303871051 -10.467548429 -0.389451820119
1.336371 -5.84729499198 0.16942288918 -17.9830005951 11.979201126 -11.9471042242 -10.4841515615 -0.391684439074
1.346353 -5.85055584358 0.168357381061 -18.0028560691 11.9953315863 -11.960372294 -10.497377078 -0.393840909868
1.356334 -5.85172410316 0.167043980263 -18.0165181328 12.0076312852 -11.9695187239 -10.5065663823 -0.395906234604
1.366316 -5.85121271185 0.165532507522 -18.0252071468 12.0168531127 -11.9753555078 -10.5125146881 -0.397898246602
1.376297 -5.84867957451 0.163783699794 -18.0279080383 12.0223665056 -11.9772069297 -10.5145603523 -0.399801825074
1.386278 -5.84448571189 0.161840821713 -18.0256882569 12.0248306145 -11.9757832864 -10.5133989743 -0.401632601524
1.396260 -5.83838739388 0.159676408104 -18.0178234782 12.0237943592 -11.9706023286 -10.5085583718 -0.403379700865
1.406241 -5.83062969205 0.157319838002 -18.0050382358 12.0197050903 -11.9621461706 -10.5005106805 -0.405053722368
1.416223 -5.82108373112 0.154757156398 -17.9869482504 12.0123222219 -11.9501588739 -10.4890053294 -0.406648796382
1.426204 -5.80988547114 0.152004898301 -17.9639548992 12.0018930266 -11.9349074835 -10.4743038443 -0.408170746226
1.436185 -5.79701347018 0.149061522941 -17.9359924512 11.9883745961 -11.9163481002 -10.4563632792 -0.409618426002
1.446167 -5.78250185565 0.145931791349 -17.9031602161 11.9718267095 -11.8945467014 -10.4352482717 -0.410993158655
1.456148 -5.76642882179 0.142625460353 -17.8656883784 11.9523905761 -11.8696563954 -10.4111087725 -0.412298224017
1.466130 -5.74873429385 0.139136605624 -17.8233963335 11.9299517636 -11.8415568062 -10.3838269476 -0.413530735634
1.476111 -5.72958801541 0.135485153596 -17.7767866667 11.9048214526 -11.8105824274 -10.3537303401 -0.414698088411
1.486092 -5.70884360847 0.131655592745 -17.7254218315 11.8767248284 -11.7764417921 -10.3205335959 -0.415793489297
1.496074 -5.68675406897 0.127676888271 -17.6700526521 11.8461284559 -11.7396347226 -10.2847261234 -0.416828128362
1.506055 -5.66309480612 0.12352504097 -17.6100082043 11.812611372 -11.6997143211 -10.2458703872 -0.417791617306
1.516037 -5.63817918911 0.119235352711 -17.5462198889 11.776753686 -11.6573007088 -10.2045735676 -0.418697955692
1.526018 -5.61175596177 0.114781158374 -17.4779365609 11.7380836381 -11.6118935257 -10.1603457886 -0.419535455729
1.535999 -5.58412335754 0.110195737296 -17.4060454111 11.6971545378 -11.5640835073 -10.1137654471 -0.420317517668
1.545981 -5.55509717615 0.105459965302 -17.329994541 11.6536187226 -11.5135029537 -10.0644725541 -0.421035435281
1.555962 -5.52488516477 0.100596997863 -17.2504019724 11.6078616743 -11.4605633785 -10.0128700251 -0.421698539
1.565944 -5.49338960403 0.0955971957044 -17.1669734385 11.5596967775 -11.4050686517 -9.95876585017 -0.42230204079
1.575925 -5.46073595888 0.0904746871191 -17.080081712 11.5093561708 -11.3472669648 -9.90240303489 -0.422851517847
1.585906 -5.42690455102 0.0852282069372 -16.9896655266 11.4567993374 -11.2871173826 -9.84374151225 -0.423345773753
1.595888 -5.39194679832 0.0798639377601 -16.8958764433 11.402119667 -11.2247207552 -9.78288002796 -0.423786950856
1.605869 -5.35591263665 0.07438789764 -16.7988615781 11.3454077649 -11.1601749729 -9.7199144287 -0.424177117846
1.615851 -5.31878764853 0.068799384395 -16.698575273 11.2866328737 -11.0934494979 -9.65481482238 -0.424515300158
1.625832 -5.28068302132 0.0631106332994 -16.5953485732 11.2260018112 -11.0247647843 -9.58779704652 -0.424806507247
1.635813 -5.24152664111 0.057315092959 -16.4889624039 11.1633741907 -10.9539747359 -9.51871807041 -0.425046963099
1.645795 -5.20148269461 0.0514301791126 -16.3799075885 11.0990582865 -10.8814063065 -9.4478979951 -0.425244297645
1.655776 -5.16042939323 0.0454444972266 -16.2678151148 11.032818434 -10.8068134593 -9.37509594156 -0.4253922446
1.665758 -5.11857278262 0.0393793419319 -16.153302691 10.9650440174 -10.7306077541 -9.30071484023 -0.42550058871
1.675739 -5.07575838454 0.0332203420542 -16.0359019101 10.895435667 -10.652476872 -9.22444891608 -0.425561331993
1.685720 -5.03219647457 0.0269888475946 -15.9162443673 10.8243924868 -10.5728416821 -9.14671021203 -0.425584605717
1.695702 -4.98777238941 0.0206746329893 -15.7939808317 10.7516901313 -10.4914692653 -9.06727068427 -0.425564272222
1.705683 -4.94263501975 0.0142927596072 -15.6695586548 10.677611412 -10.408657727 -8.98642218452 -0.42550751771
1.715665 -4.89672596169 0.00783859189437 -15.5427979264 10.6020392736 -10.3242869953 -8.90404714693 -0.425410951276
1.725646 -4.85014063338 0.00132188378062 -15.4139849293 10.5251544232 -10.2385478287 -8.82033232491 -0.425279121209
1.735627 -4.80286896988 -0.00525738176167 -15.2830858613 10.4469328634 -10.1514175588 -8.73525551218 -0.425111075743
1.745609 -4.75496062386 -0.0118938143769 -15.1502485265 10.3674670519 -10.0629946271 -8.64891307705 -0.424909024581
1.755590 -4.70644617998 -0.0185837442738 -15.0155626793 10.2868121977 -9.97333876287 -8.56136348396 -0.424674156356
1.765571 -4.65733699958 -0.0253252403788 -14.8790595686 10.2049859791 -9.8824706789 -8.47262699601 -0.424406632591
1.775553 -4.60769688382 -0.0321118360584 -14.7409306897 10.1221093889 -9.79051798388 -8.3828285379 -0.424109493433
1.785534 -4.55750611997 -0.0389441966307 -14.6011119213 10.0381383646 -9.69743776066 -8.29192606749 -0.423781132771
1.795516 -4.50685457038 -0.0458139053084 -14.4598754846 9.95324673065 -9.60341151041 -8.20009727976 -0.423426164084
1.805497 -4.45569838833 -0.0527234037587 -14.3170822741 9.86734125186 -9.50834625446 -8.10725110751 -0.423041483518
1.815478 -4.40414663795 -0.0596631272467 -14.1730650764 9.78063613842 -9.41246396674 -8.01360488216 -0.422633011096
1.825460 -4.35213798423 -0.066636517689 -14.0276293371 9.69300104642 -9.315634611 -7.91903123827 -0.422196403803
1.835441 -4.29978471629 -0.0736342523182 -13.8811196375 9.6046591537 -9.21808810126 -7.82375529217 -0.421738019938
1.845423 -4.24704263321 -0.0806581427636 -13.7333931479 9.51551306153 -9.11972888612 -7.72768343561 -0.421254364391
1.855404 -4.19399448028 -0.0877014569504 -13.5847042765 9.42572789956 -9.02072673309 -7.63098189515 -0.420750185958
1.865385 -4.14062341162 -0.0947638411646 -13.4349944828 9.33526112908 -8.9210423464 -7.53361214414 -0.420223580492
1.875367 -4.08698499095 -0.101840689106 -13.2844342244 9.24422315705 -8.82078946238 -7.43568554209 -0.419677680544
1.885348 -4.0330845846 -0.108930138907 -13.1330343645 9.1526172709 -8.71997513977 -7.33720895594 -0.419112005722
1.895330 -3.97895697566 -0.116028969352 -12.9809002366 9.06051079686 -8.61866961707 -7.23825114393 -0.418528321532
1.905311 -3.92462347491 -0.123134528655 -12.8280936627 8.96794142736 -8.51691402712 -7.13885234894 -0.417927327314
1.915292 -3.87010416306 -0.130244285202 -12.6746727422 8.87494448897 -8.41474702187 -7.0390503843 -0.417309658349
1.925274 -3.81543036087 -0.137355469593 -12.5207327792 8.78158123933 -8.31223217099 -6.93890748113 -0.416676962472
1.935255 -3.76061319546 -0.144465589551 -12.3663015718 8.68786551126 -8.20938781524 -6.83844154136 -0.416028968936
1.945237 -3.70568840143 -0.151572384588 -12.2114914138 8.59387188039 -8.10628897769 -6.73772603707 -0.415368055797
1.955218 -3.65066356716 -0.158672796515 -12.0563157632 8.49960260638 -8.00294431786 -6.63676936008 -0.4146932577
1.965199 -3.59557358643 -0.165765654862 -11.9008884047 8.40513593578 -7.89942998927 -6.53564612301 -0.414007477705
1.975181 -3.54042758726 -0.172846774882 -11.7452234383 8.3104718838 -7.79575494908 -6.43436497134 -0.413309254415
1.985162 -3.48525452394 -0.179916318583 -11.589419818 8.21568132403 -7.69198556616 -6.33299096715 -0.412601636313
1.995144 -3.43007036493 -0.186969339395 -11.4335117473 8.12077676378 -7.58814418789 -6.23154585471 -0.411883414003
2.005125 -3.37489484282 -0.194006570313 -11.277569147 8.02580976329 -7.48427778474 -6.13007569802 -0.411157014049
2.015106 -3.3197498157 -0.201023240033 -11.1216468749 7.93080796034 -7.38042257524 -6.0286158415 -0.410421917123
2.025088 -3.26464932466 -0.208019746347 -10.9657941508 7.83580736573 -7.27661161046 -5.92719869289 -0.409679771018
2.035069 -3.20961668707 -0.214992149497 -10.8100741033 7.74084350027 -7.17288675446 -5.82586515527 -0.408930671502
2.045051 -3.15466506377 -0.221939986359 -10.6545294547 7.64594568272 -7.06927660049 -5.72464323721 -0.408175675984
2.055032 -3.09981460186 -0.228860649062 -10.4992179284 7.55114877546 -6.96581954698 -5.6235704866 -0.407415313946
2.065013 -3.04508205857 -0.235752330717 -10.3441889767 7.45648366969 -6.8625485418 -5.52267913447 -0.406650228074
2.074995 -2.99048011801 -0.242614212961 -10.1894822243 7.36197662586 -6.75949006025 -5.42199509957 -0.405881212978
2.084976 -2.93603327937 -0.249442704165 -10.0351661154 7.26766778414 -6.65668957484 -5.32156282803 -0.40510865971
2.094958 -2.88174280322 -0.256239191454 -9.88125045238 7.17356745066 -6.55415382535 -5.22138896713 -0.404333472028
2.104939 -2.82764475024 -0.262997898269 -9.72783398027 7.07973211041 -6.45194834548 -5.12153755058 -0.403555940077
2.114920 -2.77372532332 -0.269722792733 -9.57488591019 6.98614934506 -6.35005296155 -5.02198893288 -0.40277693314
2.124902 -2.72003564395 -0.276405552772 -9.42254566115 6.89289850895 -6.24856018267 -4.92283349862 -0.401996779075
2.134883 -2.66654647011 -0.283052554779 -9.27073987171 6.79994263434 -6.14742157186 -4.8240239824 -0.40121618179
2.144865 -2.61331838864 -0.289654135984 -9.11963453141 6.70737678792 -6.04674729934 -4.72566802976 -0.400435631707
2.154846 -2.56031778322 -0.296217013481 -8.9691428602 6.61515526166 -5.94647996967 -4.62770960779 -0.399655594627
2.164827 -2.50759878496 -0.302732924348 -8.8194145835 6.5233648948 -5.84671901428 -4.53024588052 -0.398876702851
2.174809 -2.45513802929 -0.309206527931 -8.67038932539 6.43197385416 -5.74742450028 -4.43323786134 -0.398099269044
2.184790 -2.40297613274 -0.315631981281 -8.52218079226 6.34104912626 -5.64867199289 -4.33675940248 -0.397323952379
2.194772 -2.35110323174 -0.322011556113 -8.37476465461 6.25057883023 -5.5504454496 -4.24079485075 -0.396551041556
2.204753 -2.29954336613 -0.328342135418 -8.22820950347 6.1606043541 -5.45279050467 -4.14538881488 -0.395781100581
2.214734 -2.24830312088 -0.3346233098 -8.08253581537 6.07113930574 -5.35572084643 -4.05055468738 -0.395014511997
2.224716 -2.19738719603 -0.340854958348 -7.9377588446 5.98219426569 -5.2592466956 -3.95630247165 -0.394251633848
2.234697 -2.14682127996 -0.347033732065 -7.79395177659 5.8938133412 -5.16341674172 -3.86267976023 -0.393493049328
2.244679 -2.09658825915 -0.353162741951 -7.65106915499 5.80597161707 -5.06820087345 -3.76965714124 -0.392738810591
2.254660 -2.04673529719 -0.359235474448 -7.50924394788 5.71874820087 -4.9736875001 -3.67732102158 -0.391989797664
2.264641 -1.99722127264 -0.365258475419 -7.36836343292 5.63207849709 -4.87980180448 -3.58559829735 -0.391245667348
2.274623 -1.94811692297 -0.371221873842 -7.22862663444 5.5460806221 -4.78667610171 -3.49461828294 -0.390507682464
2.284604 -1.89935726684 -0.377135525114 -7.08985360257 5.46065002487 -4.69419087816 -3.40426418994 -0.38977505838
2.294586 -1.85103223152 -0.382986929199 -6.95229750519 5.3759370934 -4.60251445295 -3.31470051957 -0.389049416883
2.304567 -1.80306772619 -0.388787070802 -6.81575222909 5.29182134478 -4.51150989742 -3.22579345978 -0.388329739314
2.314548 -1.75554178614 -0.394525278115 -6.68043807188 5.2084341401 -4.42132370467 -3.13768618224 -0.387617508231
2.324530 -1.70840118101 -0.40020941792 -6.5462068439 5.12568878279 -4.33185742346 -3.05028247511 -0.386911975566
2.334511 -1.66170080742 -0.40583217338 -6.41321417727 5.04367861599 -4.24321457625 -2.96368351483 -0.386214264532
2.344493 -1.61541018174 -0.411398125257 -6.281375457 4.96235435458 -4.15533896088 -2.87783437743 -0.385523975663
2.354474 -1.56955934369 -0.41690345954 -6.15077649023 4.881768 -4.06828768456 -2.79279087657 -0.384841801146
2.364455 -1.52414219529 -0.422349331291 -6.0214011622 4.80191085562 -3.98205008288 -2.70854259122 -0.384167758905
2.374437 -1.47916244326 -0.427735549545 -5.89326100615 4.72279069664 -3.89663387637 -2.62509706766 -0.383502047435
2.384418 -1.43463977784 -0.433059730898 -5.76641263955 4.64444216313 -3.81207676516 -2.54249115103 -0.382845162045
2.394400 -1.39055032766 -0.438325401526 -5.64078955089 4.56682633915 -3.72833456319 -2.46068165734 -0.382196753454
2.404381 -1.34694074847 -0.44352655222 -5.51652466054 4.49002354031 -3.64549572156 -2.37975503027 -0.381557845982
2.414362 -1.30375856551 -0.448670495756 -5.39347028674 4.41394609452 -3.56346205748 -2.29961531313 -0.380927496643
2.424344 -1.26107836321 -0.453747533744 -5.27183859453 4.33872194187 -3.48237474065 -2.2204004708 -0.380307302455
2.434325 -1.21881824654 -0.458768811845 -5.15139821893 4.26421296925 -3.40207990931 -2.14196013056 -0.37969568851
2.444307 -1.17708148878 -0.463720901623 -5.03244291496 4.19059631993 -3.32277302218 -2.06448531254 -0.3790948607
2.454288 -1.13576958916 -0.468617043973 -4.91469386426 4.11770508499 -3.24426863279 -1.98779477621 -0.378502862708
2.464269 -1.09497477596 -0.473445347305 -4.79841370423 4.04569792956 -3.16674151269 -1.91205932203 -0.377921694081
2.474251 -1.05462292671 -0.47821574573 -4.68339251592 3.97444910631 -3.09005203693 -1.83714249133 -0.377349869033
2.484232 -1.01477883178 -0.482920005468 -4.56981515587 3.90407063317 -3.01432323937 -1.76316451947 -0.376788826658
2.494214 -0.975396031717 -0.487564380098 -4.45755011721 3.83448381198 -2.93946765514 -1.69003992372 -0.376237640491
2.504195 -0.936510390531 -0.492144432329 -4.3467000731 3.76575120301 -2.86555364155 -1.61783550319 -0.375697139691
2.514176 -0.898103721023 -0.496662710893 -4.23721383027 3.69784246005 -2.79254716859 -1.54651799597 -0.375166987712
2.524158 -0.860182483036 -0.501118584333 -4.12911036265 3.63076962134 -2.72046089905 -1.47609977125 -0.374647378067
2.534139 -0.822757194596 -0.505510891318 -4.02242017351 3.5645516723 -2.64931516706 -1.40660069492 -0.374138588234
2.544121 -0.785804603931 -0.509842797255 -3.91707752301 3.49914937741 -2.57906625689 -1.33797803927 -0.373640156634
2.554102 -0.749364201713 -0.514109443288 -3.81319550665 3.43463172947 -2.50978947146 -1.27030538749 -0.373152992787
2.564083 -0.71338287673 -0.518317765737 -3.71062312629 3.37090776101 -2.44138434576 -1.20348455426 -0.372675966437
2.574065 -0.677929204729 -0.522459237205 -3.60955650891 3.30809686273 -2.37398145192 -1.13764313205 -0.372210631473
2.584046 -0.642920216368 -0.526544523277 -3.50975929291 3.24605615191 -2.30742349771 -1.07262740361 -0.371755180843
2.594028 -0.608453540227 -0.530561472192 -3.4115106497 3.18495554086 -2.24189634086 -1.00861898491 -0.371311819832
2.604009 -0.574426851884 -0.534523123725 -3.31451876718 3.12461829943 -2.17720576697 -0.945428079944 -0.370878293776
2.613990 -0.540935577335 -0.538417656807 -3.21905665123 3.06521075279 -2.1135335407 -0.883232301545 -0.370456764794
2.623972 -0.507893635549 -0.542256003412 -3.12487870573 3.00658405279 -2.05071619965 -0.821871907263 -0.370045326374
2.633953 -0.475370873014 -0.546029590251 -3.0321849423 2.94886028505 -1.98888692581 -0.761477032157 -0.369645570494
2.643935 -0.443310417586 -0.549745648375 -2.94081311098 2.8919411415 -1.92793773203 -0.701942145464 -0.369256235899
2.653916 -0.411752324154 -0.553399344083 -2.85087810302 2.8358969939 -1.86794513832 -0.643342011217 -0.368878243965
2.663897 -0.380668790205 -0.556994262775 -2.76230071198 2.78068000013 -1.8088564388 -0.585625118856 -0.368510981803
2.673879 -0.350070316333 -0.560529244438 -2.67511129976 2.72630907184 -1.75069187759 -0.528811240782 -0.368154700688
2.683860 -0.319957909748 -0.56400429638 -2.58931304472 2.67278653477 -1.69345359869 -0.472902463036 -0.367809434802
2.693842 -0.290312869107 -0.567421854782 -2.50485271019 2.62008030812 -1.63710618297 -0.417864167262 -0.367474770004
2.703823 -0.261164640124 -0.570778427586 -2.4218148718 2.56824238037 -1.58170597371 -0.363751398185 -0.367151382205
2.713804 -0.232465777722 -0.574079959173 -2.34006393788 2.51719034328 -1.52716270977 -0.310475951469 -0.366838200381
2.723786 -0.204273692631 -0.577319546956 -2.2597645915 2.46702515199 -1.47358608146 -0.258144995525 -0.366536533109
2.733767 -0.17651275116 -0.580506546065 -2.1807004163 2.41761491725 -1.42083199809 -0.206617731734 -0.366244664534
2.743749 -0.14926776205 -0.583630741303 -2.10311463623 2.36910868962 -1.36906246021 -0.156052436782 -0.365964523439
2.753730 -0.12244210004 -0.586703998158 -2.02673058678 2.32133760737 -1.31809324507 -0.106269103377 -0.365693913326
2.763711 -0.096127658973 -0.58971527829 -1.95181185984 2.27446329643 -1.26809992678 -0.057439266509 -0.365434920842
2.773693 -0.0702343326696 -0.592675606614 -1.87810037079 2.22832811659 -1.21891064576 -0.00939500212061 -0.365185495382
2.783674 -0.0448324382857 -0.595576591576 -1.80579791397 2.1830559704 -1.17065982698 0.0377323628437 -0.364947229423
2.793656 -0.0198601978246 -0.598425792062 -1.73472753513 2.13853877506 -1.12322963637 0.0840579645936 -0.364718714574
2.803637 0.0046404762195 -0.60121826648 -1.66500961297 2.09485062928 -1.0767002786 0.129503453178 -0.364500894336
2.813618 0.0287036695043 -0.603958212179 -1.59654655321 2.05193200709 -1.03100677228 0.174132325297 -0.364292987574
2.823600 0.0523151711387 -0.606644026177 -1.52937928762 2.00980832859 -0.986176406808 0.217917930392 -0.364095306215
2.833581 0.075482083927 -0.609276655572 -1.46348759296 1.96846748474 -0.942195734853 0.260873416486 -0.363907678763
2.843563 0.0982171266721 -0.611857718421 -1.39883512734 1.92788747291 -0.899040572048 0.303022421453 -0.363729805454
2.853544 0.120501194916 -0.614385028778 -1.33547685316 1.88810233545 -0.856747555351 0.344329163573 -0.363562104433
2.863525 0.142373103769 -0.616863302781 -1.27330151097 1.84904402022 -0.815242590266 0.384866038906 -0.363403686338
2.873507 0.163788375995 -0.619287343766 -1.21243688822 1.81079134279 -0.774610831223 0.424549869264 -0.363255536836
2.883488 0.184811035197 -0.621664838398 -1.15269932619 1.77323167936 -0.734729945576 0.46350017283 -0.363116201016
2.893470 0.205372117849 -0.623987705955 -1.09428692167 1.73648714038 -0.69573193482 0.501588009389 -0.36298720808
2.903451 0.225556991177 -0.62626612676 -1.03695468897 1.7004072785 -0.657453599756 0.538972815505 -0.362866628702
2.913432 0.245281925335 -0.628490302738 -0.980943148211 1.66514039885 -0.620055214554 0.575498036117 -0.362756313873
2.923414 0.264634638661 -0.630670654806 -0.926000509578 1.63053175034 -0.583369037234 0.611327541162 -0.362654287595
2.933395 0.283548218372 -0.632799392494 -0.872319024474 1.59670000605 -0.547523188535 0.646336188538 -0.362562017125
2.943377 0.302084526461 -0.634883860909 -0.819721110758 1.56353601226 -0.512399362796 0.680639552845 -0.362478107829
2.953358 0.320202236676 -0.6369192941 -0.768325548566 1.53111324039 -0.478076730761 0.71416031055 -0.362403451392
2.963339 0.337938279055 -0.638910091089 -0.718026334512 1.49936658238 -0.444484677033 0.746967449232 -0.362337209194
2.973321 0.355275948301 -0.640854376911 -0.668871528522 1.4683259375 -0.411655249928 0.779029675964 -0.362279724183
2.983302 0.372228203508 -0.642753736862 -0.620823967086 1.43796861948 -0.379563704703 0.810371171404 -0.362230687085
2.993284 0.388801961941 -0.644609051217 -0.573863839772 1.4082826502 -0.348196860934 0.841004820761 -0.362189920118
3.003265 0.404987203708 -0.646419225928 -0.528019990792 1.37928607954 -0.317573962484 0.870911838786 -0.362157615584
3.013246 0.420813442943 -0.64818775916 -0.483207671791 1.35092680192 -0.287638549193 0.900147382399 -0.36213310395
3.023228 0.436248698288 -0.64991101333 -0.439518825072 1.32326186571 -0.258451919573 0.928651592082 -0.362117050411
3.033209 0.451344032973 -0.651594966097 -0.396806764071 1.29620083354 -0.22991632785 0.956519946065 -0.362108323446
3.043191 0.466046542174 -0.653233573048 -0.35522355699 1.26983797193 -0.202133151254 0.9836534431 -0.36210803173
3.053172 0.480427773276 -0.654835152413 -0.314563631597 1.24404634397 -0.174965388009 1.01018589777 -0.362114612129
3.063153 0.494414951689 -0.656391390032 -0.275036161318 1.2189556201 -0.148552485545 1.03598113135 -0.362129586825
3.073135 0.508088697841 -0.657911620576 -0.236409479079 1.19442261939 -0.122740039852 1.0611899497 -0.362151210109
3.083116 0.521388433156 -0.659388952656 -0.198857710417 1.1705553911 -0.0976441430531 1.08569898731 -0.362180732648
3.093098 0.534372299353 -0.660830112129 -0.162213774006 1.14725065206 -0.073153435372 1.10961700809 -0.362216896645
3.103079 0.547001714923 -0.662230745594 -0.126588574104 1.12457734966 -0.0493418701826 1.13287180214 -0.362260478229
3.113060 0.559313395221 -0.663595107289 -0.0918765988981 1.10247028775 -0.0261391264335 1.15553205281 -0.362310677586
3.123042 0.571289682739 -0.664921243085 -0.0581286097302 1.08096116328 -0.0035790658103 1.1775647039 -0.362367826969
3.133023 0.58294692817 -0.666211072516 -0.0252976182172 1.06002103407 0.018369619695 1.1990003391 -0.362431554284
3.143005 0.594287318414 -0.6674649026 0.0066226573328 1.0396462152 0.0397110984044 1.21984303986 -0.362501778805
3.152986 0.605307906567 -0.66868245438 0.0376237460404 1.01984217053 0.0604397032937 1.24008728309 -0.3625785257
3.162967 0.616029641675 -0.669866158884 0.0677658625594 1.00057171176 0.0805955639387 1.25977226505 -0.362661332259
3.172949 0.626431347914 -0.671013673796 0.0969881479949 0.981872852884 0.100138081292 1.27885835345 -0.362750590393
3.182930 0.63655165514 -0.672129418368 0.125401640266 0.96367678409 0.119141277399 1.29741783663 -0.36284548637
3.192912 0.646352225421 -0.673209120622 0.152896160538 0.946052212 0.137531662362 1.3153789688 -0.362946748388
3.202893 0.655888292336 -0.674259053935 0.1796304705 0.928900584363 0.155415088434 1.33284511414 -0.363053242512
3.212874 0.665105417571 -0.675273148607 0.20544812676 0.912319447328 0.172687207849 1.34971440091 -0.363166002941
3.222856 0.674067969001 -0.676258683248 0.230534142524 0.896193832262 0.189471387067 1.36610728941 -0.363283730036
3.232837 0.682725660604 -0.677210070682 0.254744019906 0.880613915129 0.205671238378 1.38192968342 -0.363407362192
3.242819 0.691130233462 -0.678133151496 0.278226479592 0.865487242522 0.221385931917 1.39727841495 -0.363535860909
3.252800 0.699247503835 -0.679024154578 0.300883311625 0.85087521161 0.236549945978 1.41208952597 -0.363669840712
3.262781 0.707111555162 -0.679886930029 0.322812488935 0.836716929701 0.251228609657 1.42642680609 -0.363808613627
3.272763 0.714705267716 -0.680719618755 0.343964848261 0.823043251118 0.265389111565 1.44025823358 -0.363952460956
3.282744 0.722046122332 -0.681524210646 0.364390652327 0.809822999166 0.279064961075 1.45361653171 -0.364101015194
3.292726 0.729133004569 -0.682300628648 0.384086734952 0.797058339521 0.292254027613 1.4664996311 -0.364254254607
3.302707 0.735967835801 -0.683049130289 0.403058653449 0.784745983869 0.304960000568 1.47891114345 -0.36441210251
3.312688 0.742564461893 -0.683771293194 0.421346227284 0.772861242946 0.317209425859 1.49087699255 -0.364574263838
3.322670 0.748910273626 -0.684465767731 0.438913273388 0.761426910724 0.328978146395 1.50237360758 -0.364740923571
3.332651 0.755033048172 -0.685135661656 0.455839630255 0.750393251999 0.340319409877 1.51345297531 -0.364911542473
3.342633 0.760906658159 -0.685778140532 0.472050293309 0.739807362535 0.351183155723 1.52406624151 -0.365086538593
3.352614 0.766571801097 -0.686397720709 0.487662204313 0.729596241629 0.361647392355 1.53428955882 -0.365265157063
3.362595 0.771989825494 -0.686990202268 0.502564404074 0.719829535654 0.371638064291 1.54405065493 -0.365448021041
3.372577 0.777209923735 -0.68756101648 0.516898216522 0.710418907684 0.381249456011 1.55344156485 -0.365634245467
3.382558 0.782192197191 -0.688105840017 0.53054912256 0.701436293487 0.390405130534 1.56238769521 -0.36582445858
3.392540 0.786980380444 -0.688629488886 0.543642754687 0.692803111928 0.399188908945 1.57097086434 -0.366017885749
3.402521 0.791545754216 -0.689128872085 0.556096714436 0.684571216023 0.407545784009 1.57913739705 -0.366214953943
3.412502 0.795918086735 -0.689607267794 0.567996518757 0.676687119119 0.415532811657 1.58694298619 -0.366415134201
3.422484 0.800082012988 -0.690063045974 0.579298123162 0.669178645501 0.423120577967 1.5943589362 -0.366618625726
3.432465 0.804054312846 -0.690498063766 0.590049750469 0.662015677755 0.430341252186 1.60141665024 -0.366825117813
3.442447 0.807832003483 -0.69091203657 0.600242904971 0.655203728377 0.437189145902 1.60811058703 -0.367034609107
3.452428 0.81141983203 -0.691305513902 0.609891273013 0.648734360823 0.443673377884 1.61444965448 -0.367246980502
3.462409 0.814826249292 -0.691679444551 0.619019169615 0.642592453724 0.449810161949 1.62044968392 -0.367462056492
3.472391 0.818044901598 -0.692033180348 0.627608434681 0.636789602406 0.45558735774 1.62609883841 -0.367679883721
3.482372 0.821094749559 -0.692368794997 0.635713526625 0.631291688205 0.461041304943 1.63143258617 -0.367900138098
3.492354 0.823959245818 -0.692684549017 0.643287057915 0.626128730916 0.466140348306 1.63642004971 -0.368123007011
3.502335 0.82666696274 -0.692983536198 0.650411036882 0.621249207758 0.470939226028 1.64111464643 -0.368348042472
3.512316 0.829192040575 -0.693263028489 0.657011393549 0.616699999128 0.475388463071 1.64546811444 -0.368575548482
3.522298 0.831570382361 -0.693526888772 0.66319112897 0.612416277742 0.479556821495 1.6495475501 -0.368804995143
3.532279 0.833771899721 -0.693771949103 0.668864080007 0.608452611114 0.483386745155 1.65329681038 -0.369036725238
3.542261 0.835831645619 -0.694001966664 0.674130781045 0.604745657514 0.486945356254 1.65678138774 -0.36927024061
3.552242 0.837726863045 -0.69421456222 0.678926107255 0.601336746231 0.490189143152 1.65995884354 -0.369505773743
3.562223 0.839482031369 -0.694412358128 0.683320267537 0.598181637045 0.493164981596 1.66287491505 -0.369742977499
3.572205 0.841084385793 -0.694594039642 0.687276785287 0.595303580278 0.495848490006 1.66550582754 -0.369981950136
3.582186 0.842548692188 -0.694761194086 0.690838028094 0.592675909259 0.498267952403 1.66787917971 -0.370222472118
3.592168 0.843871329655 -0.694913473202 0.69399371695 0.59030530396 0.50041648477 1.6699882659 -0.370464530487
3.602149 0.845058182998 -0.695051525329 0.69676078279 0.588181190514 0.502305381322 1.67184411117 -0.370708010822
3.612130 0.846113955164 -0.695175874488 0.69915277489 0.586295138771 0.503943677118 1.67345553696 -0.370952811012
3.622112 0.847036454162 -0.695286322316 0.70116351114 0.584651235192 0.50532722465 1.67481850691 -0.371198900204
3.632093 0.847837915432 -0.695384174714 0.702828082436 0.583227350423 0.506479454476 1.67595588138 -0.371446108234
3.642075 0.848508845894 -0.695468475121 0.704119434959 0.582040847898 0.507382270787 1.67685002128 -0.371694467227
3.652056 0.849068251158 -0.695541224722 0.705091998219 0.581057259937 0.508072031651 1.67753639209 -0.371943759103
3.662037 0.849500083903 -0.695600793494 0.705700004852 0.580305893381 0.508518131103 1.67798515662 -0.372194059331
3.672019 0.849829190316 -0.695649774902 0.706014543084 0.579741610608 0.508768067618 1.6782426407 -0.372445122434
3.682000 0.850034276215 -0.695686007048 0.705974890167 0.579403304289 0.508781233117 1.67826925666 -0.37269704448
3.691982 0.850141779023 -0.695712234012 0.705656639568 0.579242893052 0.508608145024 1.67811427029 -0.37294959175
3.701963 0.850134911108 -0.695726765563 0.705011972211 0.579291086876 0.508216815853 1.67774650212 -0.373202811189
3.711944 0.850032504415 -0.695731553804 0.704094729742 0.57951362757 0.507643228023 1.67720104235 -0.37345653981
3.721926 0.84979052258 -0.695724693853 0.702776392276 0.579997386336 0.506800866939 1.6763949413 -0.37371157117
3.731907 0.8493801129 -0.695706376352 0.700971149177 0.580802928691 0.505631651825 1.67527326636 -0.373968730821
3.741889 0.848797096917 -0.695676449163 0.698667068929 0.581938688313 0.504127515926 1.67382828667 -0.374227949174
3.751870 0.848056478532 -0.695635922739 0.695907805417 0.583376078018 0.502317740555 1.67208825631 -0.37448889827
3.761851 0.847167118665 -0.695585394237 0.692719260604 0.585098260828 0.500219688354 1.67006992416 -0.3747513233
3.771833 0.846133888639 -0.695525192338 0.689115800859 0.587096027701 0.497842977614 1.66778256377 -0.375015020442
3.781814 0.844973119445 -0.695456416088 0.685144831098 0.589338212034 0.495219416607 1.66525687232 -0.375279690489
3.791796 0.843681743407 -0.695378860196 0.680797837442 0.591830812699 0.492343256011 1.66248728656 -0.375545193227
3.801777 0.842281620521 -0.695293994914 0.676138059329 0.594532026379 0.489256949375 1.65951478562 -0.375811237442
3.811758 0.840763662895 -0.695201210183 0.671139705923 0.597459409792 0.485943136416 1.65632259368 -0.376077694662
3.821740 0.839153571735 -0.695102233914 0.665876923746 0.600563736248 0.482451612168 1.65295878426 -0.376344326106
3.831721 0.83743791015 -0.694996163734 0.660311523999 0.60387093901 0.478756676676 1.6493985251 -0.376610970947
3.841703 0.83564273218 -0.694884750792 0.654518501836 0.607331053408 0.474908710817 1.64569046171 -0.376877472107
3.851684 0.83375778543 -0.694767306622 0.648468889908 0.61096391948 0.470888204709 1.64181573702 -0.377143623443
3.861665 0.831802350908 -0.694645126906 0.642218129785 0.614732538628 0.4667324089 1.63781032077 -0.377409338089
3.871647 0.829771993428 -0.694517913885 0.635753957013 0.618645576132 0.462433038466 1.63366619604 -0.377674396584
3.881628 0.827679414465 -0.694386520945 0.62911290463 0.62267865874 0.458014638786 1.62940706411 -0.377938737358
3.891610 0.825524985262 -0.694250973046 0.622296434572 0.626831193948 0.453478156438 1.62503382572 -0.378202166625
3.901591 0.823316319602 -0.694111781601 0.615326525544 0.631088592301 0.448838351237 1.62056073065 -0.378464609616
3.911572 0.821057276882 -0.693969205719 0.608214519507 0.635443516629 0.444102821949 1.61599510852 -0.378725931206
3.921554 0.818751683623 -0.693823502226 0.60097163506 0.639888682467 0.43927908716 1.61134421261 -0.378986010843
3.931535 0.816405745457 -0.693675087721 0.593615763737 0.644412186766 0.434379164266 1.60661964614 -0.379244799636
3.941517 0.814020629882 -0.6935240402 0.586150654532 0.649011897686 0.429405537377 1.60182379528 -0.379502103956
3.951498 0.81160390518 -0.693370867783 0.578597881298 0.653673224786 0.424372719389 1.59697068098 -0.379757983885
3.961479 0.809155053419 -0.693215534948 0.570956561517 0.658397329801 0.419280063483 1.59205965928 -0.380012150137
3.971461 0.806682163867 -0.69305858495 0.563249499249 0.663168544111 0.414142933166 1.58710558131 -0.38026479021
3.981442 0.804183868076 -0.692899924701 0.555473612919 0.66798972709 0.408959182371 1.58210634772 -0.380515500779
3.991424 0.801667766704 -0.692740064874 0.5476500799 0.672846086149 0.403743101352 1.57707578039 -0.380764578154
4.001405 0.799133236287 -0.692578962072 0.539778017488 0.677739059936 0.398494016825 1.57201320076 -0.38101159002
4.011386 0.796585969031 -0.692416998848 0.531873148936 0.682657531087 0.393222551273 1.56692888773 -0.381256824269
4.021368 0.794026782728 -0.692254228538 0.523938561037 0.68760011695 0.387930714438 1.56182475956 -0.38149992781
4.031349 0.791459457137 -0.692090905059 0.515984686028 0.692559430359 0.382625555179 1.55670763758 -0.381741096465
4.041331 0.788885792866 -0.691927147897 0.508017187534 0.697532129545 0.377310836968 1.55158114172 -0.381980093485
4.051312 0.78630839017 -0.691763131405 0.500043340933 0.702513155149 0.371991466797 1.54645001762 -0.382217007304
4.061293 0.783729397453 -0.691598998763 0.492069538997 0.707498423037 0.366671722099 1.54131839016 -0.382451729819
4.071275 0.781150862652 -0.691434886706 0.484101725115 0.712484000142 0.361355592448 1.5361901112 -0.382684229881
4.081256 0.778574743869 -0.691270926174 0.476145456972 0.717466092523 0.356046819458 1.53106879712 -0.382914537501
4.091238 0.776003069339 -0.691107251863 0.468206894237 0.722440871636 0.350749514336 1.52595840911 -0.383142492521
4.101219 0.773437155232 -0.690943952363 0.460289448151 0.727405701864 0.345466002612 1.52086120509 -0.383368270029
4.111200 0.770879458276 -0.690781190226 0.452400796081 0.732355997935 0.340201390698 1.51578209902 -0.383591573875
4.121182 0.768330278063 -0.690618986757 0.444541116562 0.737291004226 0.334955858668 1.51072128605 -0.383812728987
4.131163 0.765792872835 -0.690457557202 0.436720686247 0.742204660521 0.329736234348 1.50568533415 -0.38403129838
4.141145 0.763266361732 -0.690296844628 0.428936026768 0.747098421178 0.324540263019 1.50067209462 -0.384247734374
4.151126 0.760754683482 -0.690137109172 0.421199513781 0.751964944609 0.31937617109 1.49568948239 -0.384461532061
4.161107 0.758256316547 -0.689978251193 0.413505817587 0.756806919472 0.314240460303 1.49073414777 -0.384673149265
4.171089 0.755774909971 -0.68982051176 0.405866278797 0.761617507766 0.30914067935 1.4858133575 -0.384882178646
4.181070 0.753309305857 -0.689663814855 0.398276900018 0.76639876905 0.304074200339 1.48092459387 -0.385088941125
4.191052 0.750862334611 -0.689508347486 0.390746363975 0.771145365384 0.299046812323 1.47607343329 -0.385293175989
4.201033 0.748433518889 -0.689354078322 0.383272923112 0.7758581158 0.29405737401 1.47125878525 -0.385495063999
4.211014 0.746024607223 -0.689201122862 0.375861841721 0.780533691839 0.289109403807 1.46648404216 -0.385694492749
4.220996 0.743636063535 -0.689049511755 0.368514375353 0.785171167668 0.284203753124 1.46175002961 -0.385891501134
4.230977 0.741268342341 -0.688899274966 0.361231758662 0.789769636284 0.279341258844 1.45705755897 -0.386086125347
4.240959 0.738923059728 -0.688750519071 0.354018857959 0.794326017669 0.274525173558 1.45240976662 -0.386278262048
4.250940 0.736599209207 -0.688603177512 0.346872399015 0.798842152071 0.269753330227 1.44780457123 -0.386468095139
4.260921 0.73429972588 -0.688457443787 0.339801337843 0.803312480028 0.265031704786 1.44324773143 -0.386655379836
4.270903 0.732022015041 -0.688313146479 0.332797528297 0.807741838856 0.260354881809 1.43873403669 -0.386840445829
4.280884 0.72977045884 -0.68817057441 0.325874381635 0.812121938538 0.255731806704 1.43427210593 -0.387022908682
4.290866 0.727540869778 -0.688029451094 0.31901888855 0.816460631036 0.251153819423 1.4298536022 -0.38720323271
4.300847 0.725338907833 -0.687890149436 0.312248372068 0.820747206303 0.246632474649 1.42548965862 -0.387380921566
4.310828 0.72315967468 -0.687752346127 0.305547684702 0.824990872875 0.242157682931 1.42117055977 -0.387556483657
4.320810 0.72100804279 -0.687616361952 0.298931707961 0.829182396073 0.237739373426 1.41690587391 -0.387729508167
4.330791 0.718880440347 -0.687481961116 0.292389409931 0.833328493906 0.233370196902 1.41268852387 -0.387900359455
4.340773 0.716780217465 -0.687349363894 0.285930988941 0.837422800434 0.229056961105 1.40852507148 -0.388068772922
4.350754 0.71470522747 -0.687218428439 0.279549808288 0.841469348218 0.224795245535 1.40441126029 -0.388234971416
4.360735 0.712657227702 -0.687089269979 0.273251185955 0.845464781167 0.220588603302 1.40035051656 -0.388398833252
4.370717 0.71063556715 -0.686961845162 0.26703307803 0.849410305304 0.216435676123 1.39634153392 -0.388560442977
4.380698 0.708640365185 -0.686836161317 0.260895798596 0.85330566714 0.212336678624 1.39238452163 -0.388719817936
4.390679 0.706672512427 -0.686712276506 0.254842022434 0.857149152155 0.208293400138 1.3884812063 -0.388876908143
4.400661 0.704730467006 -0.686590088758 0.248867000148 0.860943660119 0.204302675882 1.38462854017 -0.389031865613
4.410642 0.702816685778 -0.686469759044 0.242978188795 0.864684502977 0.200369486396 1.38083132544 -0.38918451006
4.420624 0.700927961327 -0.68635107596 0.237165771225 0.868377747956 0.196487283668 1.37708325312 -0.389335123421
4.430605 0.699068322871 -0.686234303648 0.231441996466 0.872015716005 0.192664246877 1.37339220865 -0.389483399715
4.440586 0.697232909431 -0.68611912222 0.225792022824 0.87560762462 0.18889047283 1.3697486484 -0.389629745743
4.450568 0.695427312827 -0.686005898196 0.220232854694 0.879142816899 0.18517731571 1.36616351871 -0.38977373474
4.460549 0.693645750535 -0.685894251393 0.214746858707 0.882632272248 0.181513007195 1.36262547732 -0.389915838069
4.470531 0.691893235262 -0.685784510061 0.209349271003 0.886066428262 0.177907721822 1.35914433397 -0.390055678326
4.480512 0.690165301089 -0.685676380634 0.204026479617 0.889453767722 0.174352374471 1.35571133219 -0.390193616077
4.490493 0.688465394317 -0.685570088395 0.198788950792 0.892787704831 0.1708539557 1.35233321277 -0.390329398229
4.500475 0.686790641525 -0.68546544436 0.19362792707 0.896073695449 0.167406620547 1.34900434231 -0.390463256999
4.510456 0.685142849913 -0.685362566232 0.188548888778 0.899308273946 0.164014030695 1.34572825256 -0.390595065873
4.520438 0.683520717847 -0.685261368096 0.183547864462 0.902493903542 0.160673536296 1.34250239019 -0.390724933819
4.530419 0.68192444642 -0.685161862408 0.178625452889 0.90563018091 0.157385539258 1.33932714416 -0.390852855527
4.540400 0.680354274362 -0.685064064099 0.173782368949 0.908716631652 0.154150518877 1.33620297798 -0.390978821969
4.550382 0.678808838928 -0.684967883323 0.169014461143 0.911755838875 0.150965704479 1.33312722152 -0.391102943562
4.560363 0.677289878786 -0.684873433043 0.164327004883 0.914744463084 0.147834620964 1.33010327494 -0.391225098632
4.570345 0.675794517311 -0.684780524553 0.159711252033 0.917687982943 0.144751427278 1.32712550723 -0.391345507779
4.580326 0.674325945203 -0.68468936555 0.155176891004 0.920580280961 0.141722595801 1.32420016089 -0.391463942097
4.590307 0.672879828221 -0.684599672325 0.150710748895 0.923429628154 0.138739329558 1.32131875415 -0.3915807268
4.600289 0.671460755067 -0.684511743604 0.146326761865 0.926227228126 0.135810938375 1.31849026601 -0.391695531187
4.610270 0.670063461113 -0.684425235229 0.142008934005 0.928983138895 0.132926739018 1.31570439521 -0.391808745607
4.620252 0.668692476361 -0.684340441825 0.137771023895 0.931688670513 0.130095923015 1.31297000705 -0.391920044738
4.630233 0.667343297995 -0.684257069198 0.133599352406 0.934352429879 0.127309354036 1.31027829154 -0.392029760547
4.640214 0.666019181075 -0.684175328639 0.129503806515 0.936968163718 0.124573637667 1.30763562043 -0.392137661136
4.650196 0.664717108555 -0.684095022979 0.125475221966 0.939541638203 0.121882653038 1.30503609152 -0.392243968598
4.660177 0.663438861114 -0.684016267342 0.121519008678 0.942069422551 0.119240015096 1.3024831924 -0.392348557899
4.670159 0.662182849294 -0.683938957612 0.117630340008 0.944554549467 0.116642500317 1.29997381504 -0.39245154669
4.680140 0.660949442767 -0.683863117062 0.113810341173 0.946996293317 0.114090861263 1.29750868635 -0.392552911305
4.690121 0.659738418039 -0.683788730435 0.110058335998 0.94939506746 0.111584646981 1.29508737236 -0.392652670339
4.700103 0.658548799831 -0.683715733633 0.10637136502 0.951752728647 0.109121881071 1.29270796772 -0.392750896064
4.710084 0.657381666412 -0.683644195908 0.102752708017 0.954067190225 0.106704755408 1.29037258766 -0.392847513335
4.720066 0.65623476551 -0.683573970388 0.0991955262523 0.95634276466 0.104328701693 1.2880768265 -0.392942685023
4.730047 0.65511041113 -0.683505206368 0.0957068557827 0.958574988378 0.101998421399 1.28582522041 -0.39303624747
4.740028 0.654005143173 -0.683437678873 0.0922761873685 0.960770500299 0.0997068936735 1.2836109976 -0.393128448911
4.750010 0.652922444199 -0.683371612707 0.0889141104671 0.962922585497 0.097461194177 1.28144098473 -0.393219042296
4.759991 0.651857963081 -0.683306725467 0.0856074066093 0.965039602976 0.0952524916712 1.27930666322 -0.393308338534
4.769973 0.650815542114 -0.683243264978 0.0823677615726 0.967114140418 0.0930885944191 1.27721556676 -0.393396064919
4.779954 0.649791078754 -0.683180965228 0.0791827105611 0.969154084583 0.0909611744853 1.27515966193 -0.39348251397
4.789935 0.648787474121 -0.683120012944 0.0760610810957 0.971153831306 0.0888761304662 1.27314464034 -0.393567479812
4.799917 0.64780189561 -0.683060224456 0.0729942674448 0.973118826097 0.0868277126849 1.27116495564 -0.393651164147
4.809898 0.64683600964 -0.68300170657 0.0699873451919 0.975045841338 0.0848193128611 1.26922388102 -0.393733448663
4.819880 0.645888185712 -0.682944353387 0.06703536302 0.976938008315 0.0828476229561 1.26731822561 -0.393814449274
4.829861 0.64495892489 -0.682888196457 0.0641398535415 0.978794345888 0.0809136673437 1.26544897862 -0.393894130239
4.839842 0.644047731066 -0.682833203099 0.0612993157416 0.980615798151 0.0790164433369 1.26361517335 -0.393972526583
4.849824 0.643154008797 -0.682779334233 0.0585119466034 0.982403501083 0.077154746432 1.26181564842 -0.394049680277
4.859805 0.642278329174 -0.682726625883 0.0557794929815 0.984156337867 0.075329744106 1.2600515311 -0.39412555022
4.869787 0.641419068244 -0.682674972894 0.0530970209276 0.985877433623 0.0735381397 1.2583196411 -0.394200251392
4.879768 0.640577797955 -0.682624475557 0.0504693253951 0.987563735508 0.0717831374272 1.25662307113 -0.394273671174
4.889749 0.639751932702 -0.682574967113 0.0478885426866 0.989220231765 0.0700594828634 1.2549567515 -0.394345993001
4.899731 0.638943980089 -0.682526607758 0.045362319585 0.990842056447 0.0683722858526 1.253325614 -0.3944170372
4.909712 0.638150542449 -0.682479178892 0.0428803159361 0.992435774381 0.066714637076 1.25172299168 -0.394487045254
4.919694 0.637374746825 -0.682432880185 0.0404520692061 0.99399531595 0.0650929097815 1.25015503577 -0.394555792777
4.929675 0.636613073571 -0.682387485523 0.0380668637653 0.995527487816 0.0634999436661 1.24861483679 -0.394623530234
4.939656 0.635868001299 -0.682343152818 0.035732264642 0.997027472668 0.0619407939601 1.24710727422 -0.394690079066
4.949638 0.635137040642 -0.682299722178 0.0334406926946 0.998500085399 0.0604103961691 1.24562746093 -0.39475561635
4.959619 0.634421681412 -0.682257288099 0.0311967013762 0.999942422987 0.0589117931076 1.24417833436 -0.39482003389
4.969601 0.63372040031 -0.682215752624 0.028995654782 1.00135742976 0.057441886988 1.24275690532 -0.394883439712
4.979582 0.633033762297 -0.682175151097 0.0268392871703 1.00274399615 0.0560018367418 1.24136429307 -0.394945791719
4.989563 0.632361147586 -0.682135443324 0.0247257176444 1.00410331414 0.0545903855306 1.23999928517 -0.395007133071
4.999545 0.631702258412 -0.682096609635 0.022654048155 1.00543595009 0.0532069332751 1.23866130307 -0.395067483667
5.009526 0.631057317755 -0.682058663555 0.0206249700203 1.00674145858 0.0518519419515 1.23735079333 -0.395126825827
5.019508 0.630425225302 -0.682021534405 0.018635133929 1.00802196792 0.0505231734465 1.23606559622 -0.395185237501
5.029489 0.629806987971 -0.681985285516 0.016687626389 1.00927550674 0.0492226902622 1.23480770329 -0.395242644037
5.039470 0.629200761045 -0.681949799058 0.0147768217571 1.01050565502 0.0479467331488 1.23357348628 -0.395299177653
5.049452 0.628608278559 -0.681915184399 0.0129080307325 1.01170902324 0.0466988508657 1.23236637161 -0.395354710437
5.059433 0.628027007422 -0.681881280275 0.0110735199494 1.01289053663 0.0454738757068 1.23118137113 -0.395409425244
5.069415 0.627459354045 -0.681848238461 0.0092806595193 1.0140454915 0.0442767325699 1.23002323994 -0.395463144464
5.079396 0.62690248337 -0.681815878843 0.00752078818549 1.01517940678 0.0431016337039 1.22888639104 -0.395516073695
5.089377 0.626358423957 -0.681784329065 0.00580012398453 1.01628831216 0.0419527341278 1.22777483645 -0.39556806229
5.099359 0.625825083205 -0.681753456253 0.00411227282668 1.01737628254 0.0408257610834 1.22668445156 -0.395619262145
5.109340 0.625303743396 -0.681723340715 0.00246117177173 1.01844080174 0.0397233453512 1.22561777696 -0.395669576856
5.119322 0.624793063926 -0.68169389726 0.000842725759361 1.01948447918 0.0386427504497 1.22457217108 -0.395719103476
5.129303 0.624293613421 -0.681665161077 -0.000741311999192 1.02050619184 0.0375851478383 1.2235487656 -0.395767797918
5.139284 0.6238047502 -0.681637091148 -0.00229289729606 1.02150718457 0.0365492305428 1.22254629911 -0.395815705831
5.149266 0.623326381247 -0.681609680984 -0.00381230418147 1.02248762857 0.0355348153544 1.22156459527 -0.395862832092
5.159247 0.622858512893 -0.681582930373 -0.00529950249122 1.02344750099 0.0345419223435 1.22060367399 -0.395909174236
5.169229 0.622400440294 -0.681556794437 -0.00675664351528 1.02438817236 0.0335691139015 1.21966214762 -0.395954782899
5.179210 0.621952769043 -0.681531310552 -0.00818185798582 1.02530844501 0.032617638994 1.21874122277 -0.395999610649
5.189191 0.621514230091 -0.681506398589 -0.00957903095709 1.02621079798 0.0316849015086 1.21783839293 -0.396043750822
5.199173 0.621085981692 -0.681482130446 -0.0109445944752 1.02709294769 0.030773285455 1.21695596093 -0.396087114022
5.209154 0.620666236048 -0.681458393729 -0.0122840303797 1.0279583949 0.0298791277732 1.21609038966 -0.396129833361
5.219136 0.620256659607 -0.681435291937 -0.0135922060668 1.02880385499 0.029005857929 1.21524499177 -0.396171780348
5.229117 0.619855176071 -0.681412694901 -0.0148754944672 1.02963339985 0.0281492174782 1.21441565494 -0.396213110801
5.239098 0.619463356885 -0.681390699998 -0.0161290514657 1.03044392839 0.0273124430767 1.21360550575 -0.396253702727
5.249080 0.61907949913 -0.681369200596 -0.0173581062189 1.03123878245 0.0264920405781 1.21281116984 -0.396293684344
5.259061 0.618704672472 -0.681348262655 -0.0185593554334 1.03201584573 0.0256902170484 1.21203477949 -0.396332971419
5.269043 0.618337745811 -0.681327815322 -0.0197362717981 1.03277733746 0.0249046520097 1.21127409379 -0.396371648983
5.279024 0.617979249598 -0.681307890945 -0.0208872104876 1.03352220211 0.0241364443556 1.21053017471 -0.396409673911
5.289005 0.617628581768 -0.68128845164 -0.022014016753 1.03425161809 0.023384361033 1.20980183162 -0.396447090808
5.298987 0.61728577514 -0.68126949887 -0.0231165788102 1.03496551107 0.0226484766009 1.20908913704 -0.396483894977
5.308968 0.616950715954 -0.681251025049 -0.024195237354 1.03566409656 0.0219285632954 1.20839187139 -0.396520093227
5.318950 0.616622978923 -0.681233003342 -0.025251294339 1.03634820575 0.0212237510859 1.20770919464 -0.396555716741
5.328931 0.616302899882 -0.681215453933 -0.0262837027686 1.03701716542 0.0205347393827 1.20704178295 -0.396590737035
5.338912 0.615989632966 -0.681198324137 -0.0272950650153 1.03767264029 0.0198597893132 1.20638795681 -0.396625218739
5.348894 0.615683926855 -0.681181659506 -0.0282830573824 1.03831313891 0.0192004532723 1.20574921652 -0.396659100468
5.358875 0.615384550685 -0.681165383827 -0.029251475165 1.03894109121 0.0185541953995 1.20512311241 -0.396692477987
5.368857 0.615092631145 -0.681149565753 -0.0301968232405 1.03955425441 0.0179233507055 1.20451190107 -0.396725259275
5.378838 0.614806677844 -0.681134113349 -0.0311237037238 1.04015557665 0.0173048443322 1.20391261184 -0.396757561642
5.388819 0.614527887136 -0.681119099368 -0.0320284025927 1.04074267406 0.01670115749 1.20332764271 -0.39678928678
5.398801 0.614254907542 -0.681104440618 -0.0329150962407 1.04131822286 0.0161094998043 1.20275429774 -0.396820541727
5.408782 0.613988608441 -0.681090189696 -0.0337810805214 1.04188048624 0.015531677746 1.20219432303 -0.396851253942
5.418764 0.613728065372 -0.681076289696 -0.0346292122312 1.04243129488 0.0149657826006 1.20164587445 -0.396881496632
5.428745 0.613473746998 -0.681062768663 -0.035458027638 1.04296970734 0.0144127921075 1.20110989732 -0.396911229422
5.438726 0.613225122537 -0.681049593808 -0.0362691647594 1.04349677283 0.0138716118213 1.20058533433 -0.396940493867
5.448708 0.612982292144 -0.681036770715 -0.0370623028305 1.04401228333 0.0133424558875 1.20007239286 -0.396969279646
5.458689 0.612745087153 -0.681024288665 -0.0378379565999 1.04451656734 0.0128249802879 1.19957074079 -0.396997598733
5.468671 0.612513269677 -0.681012132751 -0.0385968560508 1.04501009157 0.0123186972176 1.19907990706 -0.397025468862
5.478652 0.612287003315 -0.681000312395 -0.039338483041 1.0454925213 0.0118239526728 1.19860022648 -0.397052874394
5.488633 0.612065740908 -0.680988794059 -0.0400645311279 1.04596494247 0.011339615169 1.19813060573 -0.397079859208
5.498615 0.611849950134 -0.68097760548 -0.0407735347063 1.04642641155 0.0108666636141 1.19767199147 -0.397106381928
5.508596 0.61163880171 -0.680966696246 -0.041468068597 1.04687858128 0.0104033778636 1.19722272123 -0.39713251077
5.518578 0.611433040796 -0.680956110691 -0.0421458003884 1.04731995069 0.0099513158233 1.19678430145 -0.397158180393
5.528559 0.611231614885 -0.680945785168 -0.0428100044878 1.04775262293 0.00950829008033 1.1963546178 -0.397183478772
5.538540 0.611035421597 -0.680935773015 -0.0434578698816 1.04817478879 0.00907617819307 1.19593548589 -0.397208326887
5.548522 0.610843409901 -0.680926010875 -0.0440926703332 1.04858855182 0.00865279323942 1.19552479167 -0.397232813435
5.558503 0.610656270999 -0.680916539596 -0.044712236808 1.04899251516 0.00823958390926 1.19512393622 -0.3972568766
5.568485 0.610473268113 -0.680907314787 -0.0453188646575 1.0493881538 0.00783501687957 1.1947314373 -0.397280578647
5.578466 0.610294798679 -0.680898359666 -0.0459113014281 1.04977466013 0.00743992857332 1.19434810406 -0.39730388288
5.588447 0.61012041482 -0.680889647179 -0.0464909409942 1.05015292961 0.00705338784091 1.19397303641 -0.397326826831
5.598429 0.609950244589 -0.680881184481 -0.0470573734286 1.05052269671 0.00667566833897 1.19360649935 -0.397349397281
5.608410 0.609784105113 -0.680872960318 -0.0476111637325 1.05088432364 0.00630639256112 1.19324812815 -0.397371608648
5.618392 0.609621878029 -0.680864967257 -0.0481526746842 1.05123804239 0.00594531806742 1.19289768867 -0.397393469624
5.628373 0.609463622955 -0.6808572084 -0.0486817108618 1.05158372559 0.00559257524147 1.19255530736 -0.397414973049
5.638354 0.609308996727 -0.680849663105 -0.0491993419848 1.0519220608 0.00524744950434 1.19222029341 -0.397436148047
5.648336 0.609158280268 -0.68084234748 -0.0497046766799 1.0522524722 0.00491053603653 1.19189322283 -0.397456967333
5.658317 0.60901092593 -0.680835228971 -0.0501994297262 1.0525760634 0.00458068948191 1.19157298807 -0.39747747906
5.668299 0.608867416031 -0.68082833542 -0.0506820744627 1.05289184888 0.00425892927023 1.19126057557 -0.397497637198
5.678280 0.608727017515 -0.680821623573 -0.0511549125587 1.05320131114 0.00394371814836 1.19095449856 -0.397517507596
